11110000111100001111001100110111
00001111000000110000001100010011
00001111000011110001001110110111
11110000111100111000001110010011
00000000011100110110010000110011
00000000011100110111010010110011
00000000101000000000000010010011
00000000001100000000000100010011
00000000001000001000000110110011
01000000001000001000001000110011
00000010001000001000001010110011
00000001010000000000010100010011
00000000010101010000010110010011
10101010101010101011011000110111
10101010101001100000011000010011
01010101010101100100011010010011
11110000111101100110011100010011
11110000111101100111011110010011
00000000000100000000100000010011
00000000001100000000100010010011
00000001000110000001100100110011
10000000000000000000101000110111
00000000000110100000101000010011
00000001000110100101100110110011
01000001000110100101101010110011
00000000010100000000101100010011
00000000101000000000101110010011
00000000101010110010110000010011
00000000101010111010110010010011
00000000000000000001110100110111
00010010001101000101110110110111
01100111100011011000110110010011
00000001101111010010000000100011
11011110101011011100111000110111
11101110111111100000111000010011
00000001110011010010001000100011
11001010111111101100111010110111
10101011111011101000111010010011
00000001110111010010010000100011
00000000000011010010111100000011
00000000010011010010111110000011
00000000100011010010000010000011
00000010101000000000111000010011
00000010101000000000111010010011
00000110010000000000111100010011
00000001110111100000011001100011
00000000000000000000111110010011
00000000100000000000000001101111
00000000000100000000111110010011
00000000010100000000000010010011
00000000101000000000000100010011
00000000001000001100011001100011
00000000000000000000000110010011
00000000100000000000000001101111
00000000000100000000000110010011
00000000010100000000001000010011
00000000101000000000001010010011
00000000010100100101011001100011
00000000000100000000001100010011
00000000100000000000000001101111
00000000000000000000001100010011
00000000110000000000001111101111
00000000000000000000010000010011
00000000100000000000000001101111
00000000001000000000010000010011
00000000000000000000010010110111
00010001000001001000010010010011
00000000100000000000010101101111
00000000001100000000010110010011
11011110101011011011011000110111
00000000000000000000011010010111
00000000000000000000000001101111