00000000000000000000000000000000
00000000000000000011000000000000
00000000000000000000000000000000
00000000000000001010000000000000
00011110000000000000000000000000
00000000000000000000000000000000
11110000111100001111000000000000
00000000000000000000000000000000
00000000000000000000000000000000
00000000000000010100000000000000
00000000000000000000000000000101
10101010101010101010000000000000
00000000000000000000010101010101
00000000000000000000011100111111
00000000000000000000000000000000
00000000000000000001000000000000
00000000000000000011000000000000
00000000000000000001000000000000
00000000000000000001000000000000
00000000000000000001000000000000
00000000000000000001000000000000
00000000000000000101000000000000
00000000000000001010000000000000
00000000000000000000000000000000
00000000000000000000000000000000
00000000000000000001000000000000
01000101011001111000000000000000
11011011111011101111000000000000
11101011101010111110000000000000
00000000000000000000000000000000
00000000000000000000000000000000
